Rules qualities:
r1: 0.7747747747747749
r2: 0.7747747747747749
r3: 0.8513513513513513
r4: 0.8468468468468469
r5: 0.6756756756756757
r6: 0.7972972972972974
r7: 0.7747747747747749
r8: 0.8288288288288288
r9: 0.7387387387387387
r10: 0.8423423423423424
r11: 0.7522522522522522
r12: 0.8198198198198199
r13: 0.6206896551724138
r14: 0.6206896551724138
r15: 0.5689655172413793
r16: 0.6551724137931034
r17: 0.5517241379310345
r18: 0.5344827586206896
r19: 0.6551724137931034
r20: 0.5862068965517242
r21: 0.5517241379310345
r22: 0.5862068965517242
________________________________
r1: IF SPLEEN_PALPABLE = SPIDERS = {1} AND ALBUMIN = <3.85, inf) = {1} THEN class = {LIVE} (p=61.0, n=0.0, P=111.0, N=29.0)
r2: IF ALBUMIN = <3.85, inf) = {1} AND BILIRUBIN = <0.65, 2) = {1} THEN class = {LIVE} (p=61.0, n=0.0, P=111.0, N=29.0)
r3: IF AGE = <45.50, 48) = {0} AND 2-of-3(BILIRUBIN = <0.65, inf), SPLEEN_PALPABLE = SPIDERS = VARICES, SGOT = (-inf, 255.50)) = {1} AND ALBUMIN = <3.65, inf) = {1} THEN class = {LIVE} (p=78.0, n=0.0, P=111.0, N=29.0)
r4: IF AGE = <45.50, 48) = {0} AND ALBUMIN = <3.65, inf) = {1} AND 2-of-3(BILIRUBIN = <0.65, inf), SPIDERS = ANOREXIA, SGOT = (-inf, 255.50)) = {1} THEN class = {LIVE} (p=77.0, n=0.0, P=111.0, N=29.0)
r5: IF FATIGUE = VARICES = ANTIVIRALS = {1} THEN class = {LIVE} (p=39.0, n=0.0, P=111.0, N=29.0)
r6: IF ALBUMIN = <3.20, inf) = {1} AND SPLEEN_PALPABLE = SPIDERS = ASCITES = {1} THEN class = {LIVE} (p=66.0, n=0.0, P=111.0, N=29.0)
r7: IF SPLEEN_PALPABLE = ASCITES = MALAISE = {1} AND SPLEEN_PALPABLE = SPIDERS = ASCITES = {1} THEN class = {LIVE} (p=61.0, n=0.0, P=111.0, N=29.0)
r8: IF ALBUMIN = (-inf, 2.85) = {0} AND PROTIME = <41.50, 46) = {0} AND SPLEEN_PALPABLE = SPIDERS = ASCITES = {1} AND 2-of-3(BILIRUBIN < ALBUMIN, ASCITES != LIVER_BIG, SGOT = (-inf, 255.50)) = {1} THEN class = {LIVE} (p=73.0, n=0.0, P=111.0, N=29.0)
r9: IF SPLEEN_PALPABLE = ASCITES = MALAISE = {1} AND BILIRUBIN = <0.65, 2) = {1} THEN class = {LIVE} (p=53.0, n=0.0, P=111.0, N=29.0)
r10: IF SPLEEN_PALPABLE = SPIDERS = VARICES = {1} AND ALK_PHOSPHATE = <62.50, 68) = {0} AND 2-of-3(BILIRUBIN < ALBUMIN, SPIDERS != LIVER_BIG, SGOT = (-inf, 255.50)) = {1} THEN class = {LIVE} (p=76.0, n=0.0, P=111.0, N=29.0)
r11: IF BILIRUBIN = <0.55, 1.50) = {1} AND LIVER_BIG != HISTOLOGY = {1} AND ALK_PHOSPHATE = <62.50, 68) = {0} THEN class = {LIVE} (p=56.0, n=0.0, P=111.0, N=29.0)
r12: IF LIVER_BIG != HISTOLOGY = {1} AND ALBUMIN = (-inf, 2.65) = {0} AND ALK_PHOSPHATE = <62.50, 68) = {0} AND 2-of-3(BILIRUBIN = (-inf, 3.80), SPIDERS != LIVER_BIG, SGOT = (-inf, 255.50)) = {1} THEN class = {LIVE} (p=71.0, n=0.0, P=111.0, N=29.0)
r13: IF ALBUMIN = (-inf, 2.65) = {1} THEN class = {DIE} (p=7.0, n=0.0, P=29.0, N=111.0)
r14: IF PROTIME = <29.50, 36) = {1} THEN class = {DIE} (p=7.0, n=0.0, P=29.0, N=111.0)
r15: IF AGE = <45.50, 48) = {1} THEN class = {DIE} (p=4.0, n=0.0, P=29.0, N=111.0)
r16: IF ASCITES != ANTIVIRALS = {1} AND ALBUMIN = (-inf, 2.85) = {1} THEN class = {DIE} (p=9.0, n=0.0, P=29.0, N=111.0)
r17: IF ALK_PHOSPHATE = <62.50, 68) = {1} THEN class = {DIE} (p=3.0, n=0.0, P=29.0, N=111.0)
r18: IF PROTIME = <41.50, 46) = {1} THEN class = {DIE} (p=2.0, n=0.0, P=29.0, N=111.0)
r19: IF FATIGUE = HISTOLOGY = {1} AND PROTIME = <26, 39) = {1} THEN class = {DIE} (p=9.0, n=0.0, P=29.0, N=111.0)
r20: IF 2-of-3(BILIRUBIN = (-inf, 3.80), SPLEEN_PALPABLE = SPIDERS = ASCITES, SGOT = (-inf, 255.50)) = {0} AND MALAISE != ANOREXIA = {1} THEN class = {DIE} (p=5.0, n=0.0, P=29.0, N=111.0)
r21: IF BILIRUBIN = <2.45, inf) = {1} AND AGE = <33, 44) = {1} THEN class = {DIE} (p=3.0, n=0.0, P=29.0, N=111.0)
r22: IF BILIRUBIN < ALBUMIN = {0} AND LIVER_BIG != HISTOLOGY = {0} AND MALAISE != ANOREXIA = {1} THEN class = {DIE} (p=5.0, n=0.0, P=29.0, N=111.0)
