Rules qualities:
r1: 0.7567567567567568
r2: 0.7837837837837838
r3: 0.7342342342342343
r4: 0.6261261261261262
r5: 0.7972972972972974
r6: 0.779693486590038
r7: 0.7252252252252253
r8: 0.5630630630630631
r9: 0.6486486486486487
r10: 0.6756756756756757
r11: 0.7702702702702703
r12: 0.6708850411209761
r13: 0.7072072072072072
r14: 0.6565764547508969
r15: 0.7837837837837838
r16: 0.5565484348445808
r17: 0.6726956841899374
r18: 0.603448275862069
r19: 0.5517241379310345
r20: 0.603448275862069
r21: 0.6379310344827587
r22: 0.603448275862069
r23: 0.6551724137931034
r24: 0.5344827586206896
r25: 0.603448275862069
r26: 0.5953147504871642
r27: 0.49471885678782224
________________________________
r1: IF SPIDERS = {no} AND ALBUMIN = <3.85, inf) THEN class = {LIVE} (p=57.0, n=0.0, P=111.0, N=29.0)
r2: IF BILIRUBIN = <0.65, 1.80) AND ALBUMIN = <3.85, inf) THEN class = {LIVE} (p=63.0, n=0.0, P=111.0, N=29.0)
r3: IF BILIRUBIN = <0.65, inf) AND ALBUMIN = <3.85, inf) AND AGE = (-inf, 45.50) THEN class = {LIVE} (p=52.0, n=0.0, P=111.0, N=29.0)
r4: IF AGE = (-inf, 30.50) THEN class = {LIVE} (p=28.0, n=0.0, P=111.0, N=29.0)
r5: IF BILIRUBIN = <0.65, 1.80) AND ALBUMIN = <3.65, inf) THEN class = {LIVE} (p=66.0, n=0.0, P=111.0, N=29.0)
r6: IF BILIRUBIN = <0.45, 1.80) AND ALBUMIN = <3.65, inf) THEN class = {LIVE} (p=74.0, n=1.0, P=111.0, N=29.0)
r7: IF BILIRUBIN = <0.65, inf) AND VARICES = {no} AND ALBUMIN = <3.65, inf) AND ALK_PHOSPHATE = (-inf, 268) AND AGE = (-inf, 55) THEN class = {LIVE} (p=50.0, n=0.0, P=111.0, N=29.0)
r8: IF SEX = {male} THEN class = {LIVE} (p=14.0, n=0.0, P=111.0, N=29.0)
r9: IF FATIGUE = {no} AND HISTOLOGY = {no} THEN class = {LIVE} (p=33.0, n=0.0, P=111.0, N=29.0)
r10: IF BILIRUBIN = <0.45, inf) AND FATIGUE = {no} AND VARICES = {no} THEN class = {LIVE} (p=39.0, n=0.0, P=111.0, N=29.0)
r11: IF BILIRUBIN = <0.65, 1.10) AND ALBUMIN = <3.05, inf) THEN class = {LIVE} (p=60.0, n=0.0, P=111.0, N=29.0)
r12: IF BILIRUBIN = (-inf, 1.10) AND ALBUMIN = <2.75, inf) THEN class = {LIVE} (p=73.0, n=3.0, P=111.0, N=29.0)
r13: IF BILIRUBIN = (-inf, 1.80) AND PROTIME = <50.50, inf) AND ALK_PHOSPHATE = (-inf, 229) THEN class = {LIVE} (p=46.0, n=0.0, P=111.0, N=29.0)
r14: IF BILIRUBIN = <0.65, inf) AND ALBUMIN = <3.45, inf) AND ALK_PHOSPHATE = (-inf, 268) AND AGE = (-inf, 53.50) AND SGOT = <23.50, inf) THEN class = {LIVE} (p=50.0, n=1.0, P=111.0, N=29.0)
r15: IF BILIRUBIN = <0.65, 1.35) AND ASCITES = {no} AND VARICES = {no} AND AGE = (-inf, 61.50) THEN class = {LIVE} (p=63.0, n=0.0, P=111.0, N=29.0)
r16: IF HISTOLOGY = {no} AND AGE = (-inf, 34.50) THEN class = {LIVE} (p=33.0, n=1.0, P=111.0, N=29.0)
r17: IF SPLEEN_PALPABLE = {no} AND SPIDERS = {no} AND LIVER_FIRM = {no} THEN class = {LIVE} (p=53.0, n=1.0, P=111.0, N=29.0)
r18: IF ALBUMIN = (-inf, 2.65) THEN class = {DIE} (p=6.0, n=0.0, P=29.0, N=111.0)
r19: IF BILIRUBIN = <4.70, inf) THEN class = {DIE} (p=3.0, n=0.0, P=29.0, N=111.0)
r20: IF ALBUMIN = (-inf, 2.85) AND ALK_PHOSPHATE = (-inf, 170.50) THEN class = {DIE} (p=6.0, n=0.0, P=29.0, N=111.0)
r21: IF BILIRUBIN = <3.70, inf) AND ALBUMIN = (-inf, 3.70) THEN class = {DIE} (p=8.0, n=0.0, P=29.0, N=111.0)
r22: IF ASCITES = {yes} AND PROTIME = (-inf, 44.50) AND AGE = <30.50, inf) THEN class = {DIE} (p=6.0, n=0.0, P=29.0, N=111.0)
r23: IF FATIGUE = {yes} AND PROTIME = (-inf, 44.50) AND ALK_PHOSPHATE = (-inf, 147.50) THEN class = {DIE} (p=9.0, n=0.0, P=29.0, N=111.0)
r24: IF BILIRUBIN = <2.60, 2.95) THEN class = {DIE} (p=2.0, n=0.0, P=29.0, N=111.0)
r25: IF BILIRUBIN = <1.65, 2.95) AND AGE = <38.50, inf) AND SGOT = (-inf, 255.50) THEN class = {DIE} (p=6.0, n=0.0, P=29.0, N=111.0)
r26: IF SPIDERS = {yes} AND SEX = {female} AND LIVER_FIRM = {no} AND AGE = <34.50, inf) AND ANTIVIRALS = {no} THEN class = {DIE} (p=10.0, n=1.0, P=29.0, N=111.0)
r27: IF SEX = {female} AND MALAISE = {yes} AND AGE = <55, 63.50) THEN class = {DIE} (p=6.0, n=1.0, P=29.0, N=111.0)
