Rules qualities:
r1: 0.7284311464595815
r2: 0.5440045897877223
r3: 0.508424408014572
r4: 0.5723634955466632
r5: 0.5170109050706065
r6: 0.3982230392156863
r7: 0.5144610057783279
r8: 0.5079861111111111
r9: 0.40699300699300694
r10: 0.6651200450386341
r11: 0.3448412698412699
r12: 0.7289195015510804
r13: 0.29180327868852457
r14: 0.48418612353038576
r15: 0.4647395740110971
r16: 0.4419680915844599
r17: 0.6091231114002746
________________________________
r1: IF MYCT != <58, 105) AND CACH != <3, 8) AND MYCT > CACH AND MYCT != <212.50, 250) AND CACH != <20, 65) AND CHMAX != <9, 16) THEN class = {0.023} [-0.008,0.054] (p=87.0, n=5.0, P=121.0, N=67.0)
r2: IF MYCT != <201.50, 225) AND MYCT = (-inf, 850) AND MYCT != <232.50, 300) AND MYCT != <58, 105) AND CHMAX != <9, 16) AND MYCT != <107.50, 160) AND MYCT < MMIN AND CHMAX = (-inf, 47.50) AND CHMIN = (-inf, 4.50) AND CACH < CHMAX AND MMIN != <323, 512) AND MYCT != <163.50, 180) AND CHMAX != <17.50, 24) AND CHMIN != <3.50, 6) THEN class = {0.023} [0.0087,0.037] (p=27.0, n=3.0, P=83.0, N=105.0)
r3: IF MYCT != <58, 105) AND CHMAX = <5.50, 24) AND CACH > CHMAX AND MMIN = <1500, inf) AND MYCT != <24, 50) AND CHMAX != <9, 16) THEN class = {0.047} [0.026,0.069] (p=11.0, n=1.0, P=66.0, N=122.0)
r4: IF MMIN < MMAX AND MYCT < MMIN AND MYCT > CACH AND CHMAX = (-inf, 47.50) AND MYCT = (-inf, 365) AND MMAX = (-inf, 5500) AND MMAX != <4250, 6000) AND MYCT != <212.50, 250) AND CHMAX != <9, 16) AND CHMIN != <3.50, 6) THEN class = {0.018} [0.0082,0.027] (p=26.0, n=4.0, P=61.0, N=127.0)
r5: IF MYCT != <24, 50) AND MYCT != <58, 105) AND MYCT != <107.50, 160) AND MYCT != <190, 300) AND CHMAX = <2.50, 31) AND MYCT = (-inf, 325) AND MMIN != <323, 512) AND MMAX != <3500, 8000) AND MYCT != <163.50, 180) AND CACH = (-inf, 7) AND CHMAX != <11, 14) THEN class = {0.026} [0.016,0.036] (p=10.0, n=1.0, P=54.0, N=134.0)
r6: IF CACH != <28, 64) AND MYCT != <80.50, 180) AND MMIN != <259, 1000) AND CACH > CHMIN AND MMIN != <2150, 4000) AND MYCT != <225, 320) AND CACH != <8.50, 16) AND CHMAX = <9, 16) AND CHMIN != <7, 32) THEN class = {0.056} [-0.11,0.22] (p=31.0, n=1.0, P=170.0, N=18.0)
r7: IF CHMAX = <5.50, 31) AND MYCT > CACH AND CACH > CHMIN AND CHMAX != <15, 31) AND CHMIN = (-inf, 2) THEN class = {0.049} [0.028,0.07] (p=15.0, n=2.0, P=61.0, N=127.0)
r8: IF CHMAX = <9, 16) AND CACH > CHMAX AND MYCT != <58, 105) AND CHMAX != <12.50, 16) THEN class = {0.11} [0.10,0.12] (p=3.0, n=1.0, P=8.0, N=180.0)
r9: IF CACH > CHMIN AND MYCT < MMIN AND MMIN = (-inf, 1500) AND MYCT != <115, 240) AND CACH != <3, 8) AND CHMIN = (-inf, 2) THEN class = {0.014} [-1.6E-4,0.028] (p=6.0, n=1.0, P=78.0, N=110.0)
r10: IF MYCT > CACH AND MYCT != <58, 105) AND CACH != <20, 65) THEN class = {0.024} [-0.006,0.053] (p=105.0, n=12.0, P=121.0, N=67.0)
r11: IF MYCT = (-inf, 150) AND MMIN = <387, 2000) AND MYCT != <107.50, 180) AND CACH != <28, 64) AND CHMAX = <5.50, inf) AND CHMIN = (-inf, 2.50) THEN class = {0.0097} [0.0057,0.014] (p=2.0, n=1.0, P=20.0, N=168.0)
r12: IF MYCT > CHMIN AND MMIN = (-inf, 3000) AND MYCT != <58, 90) THEN class = {0.026} [-0.016,0.068] (p=121.0, n=9.0, P=133.0, N=55.0)
r13: IF MYCT < CHMIN AND MYCT = <36.50, 105) THEN class = {0.34} [0.30,0.38] (p=1.0, n=1.0, P=5.0, N=183.0)
r14: IF MYCT != <107.50, 180) AND CACH > CHMIN AND MMAX = <7000, 16000) AND MYCT != <65, 75) AND CHMIN != <7, 32) THEN class = {0.047} [0.026,0.069] (p=20.0, n=4.0, P=66.0, N=122.0)
r15: IF MYCT != <179, 400) AND CHMIN < CHMAX AND MYCT < MMIN AND MMAX = <6000, inf) AND MYCT != <44, 180) AND CACH != <12, 32) AND CHMAX = (-inf, 48) AND CHMIN != <3.50, 6) THEN class = {0.23} [0.10,0.36] (p=17.0, n=7.0, P=37.0, N=151.0)
r16: IF MYCT = <27.50, 125) AND CACH = <80.50, inf) THEN class = {0.26} [0.051,0.48] (p=7.0, n=1.0, P=69.0, N=119.0)
r17: IF CACH > CHMAX AND MMAX = <18485, inf) THEN class = {0.32} [0.12,0.51] (p=15.0, n=3.0, P=29.0, N=159.0)
