Rules qualities:
r1: 0.7863636363636364
r2: 0.7727272727272727
r3: 0.7727272727272727
r4: 0.8045454545454546
r5: 0.7878753506022111
r6: 0.7772727272727273
r7: 0.7325874125874124
r8: 0.8272148828183312
r9: 0.7818181818181817
r10: 0.7909090909090909
r11: 0.7521473354231976
r12: 0.6379310344827587
r13: 0.603448275862069
r14: 0.6724137931034483
r15: 0.5689655172413793
r16: 0.7068965517241379
r17: 0.6551724137931034
r18: 0.603448275862069
r19: 0.5517241379310345
r20: 0.6551724137931034
r21: 0.27380987096303855
________________________________
r1: IF BILIRUBIN != <0.65, 1.70) = {0} AND ALBUMIN = <3.85, inf) = {1} THEN class = {LIVE} (p=63.0, n=0.0, P=110.0, N=29.0)
r2: IF SPIDERS = ASCITES = {1} AND ALBUMIN = <3.85, inf) = {1} THEN class = {LIVE} (p=60.0, n=0.0, P=110.0, N=29.0)
r3: IF SPLEEN_PALPABLE != SPIDERS = {0} AND ALBUMIN = <3.85, inf) = {1} THEN class = {LIVE} (p=60.0, n=0.0, P=110.0, N=29.0)
r4: IF BILIRUBIN = <0.65, 1.20) = {1} AND 2-of-3(AGE = (-inf, 61.50), ALBUMIN = <3.05, inf), MALAISE = ANOREXIA) = {1} THEN class = {LIVE} (p=67.0, n=0.0, P=110.0, N=29.0)
r5: IF BILIRUBIN = <0.55, 1.20) = {1} AND 2-of-3(AGE = (-inf, 61.50), ALBUMIN = <3.05, inf), MALAISE = ANOREXIA) = {1} THEN class = {LIVE} (p=75.0, n=1.0, P=110.0, N=29.0)
r6: IF SPLEEN_PALPABLE = VARICES = MALAISE = {1} AND 2-of-3(BILIRUBIN = <0.65, 3.20), SPIDERS = LIVER_FIRM, AGE = (-inf, 61.50)) = {1} THEN class = {LIVE} (p=61.0, n=0.0, P=110.0, N=29.0)
r7: IF SPLEEN_PALPABLE = VARICES = MALAISE = {1} AND 2-of-3(BILIRUBIN = <0.65, 3.20), SPIDERS = ASCITES, AGE = (-inf, 61.50)) = {1} THEN class = {LIVE} (p=64.0, n=1.0, P=110.0, N=29.0)
r8: IF 2-of-3(AGE = (-inf, 61.50), ALBUMIN = <3.05, inf), SGOT = (-inf, 255.50)) = {1} AND BILIRUBIN = <0.55, 1.40) = {1} AND ASCITES != {yes} = {0} THEN class = {LIVE} (p=83.0, n=1.0, P=110.0, N=29.0)
r9: IF 2-of-3(AGE = (-inf, 61.50), ALK_PHOSPHATE = (-inf, 218.50), BILIRUBIN = <0.65, 3.20)) = {1} AND ALBUMIN = (-inf, 2.85) = {0} AND SPIDERS = ASCITES = ANTIVIRALS = {1} THEN class = {LIVE} (p=62.0, n=0.0, P=110.0, N=29.0)
r10: IF SPLEEN_PALPABLE = SPIDERS = LIVER_FIRM = {1} AND BILIRUBIN = <1.85, 2.20) = {0} AND 2-of-3(AGE = (-inf, 61.50), ALK_PHOSPHATE = (-inf, 218.50), MALAISE = ANOREXIA) = {1} AND PROTIME = <26, 41) = {0} THEN class = {LIVE} (p=64.0, n=0.0, P=110.0, N=29.0)
r11: IF SPIDERS = LIVER_FIRM = {1} AND ALBUMIN = (-inf, 2.65) = {0} AND 2-of-3(MALAISE = ANOREXIA, BILIRUBIN = <0.55, 1.40), AGE = (-inf, 61.50)) = {1} AND ASCITES != {yes} = {0} THEN class = {LIVE} (p=78.0, n=2.0, P=110.0, N=29.0)
r12: IF PROTIME = <26, 36) = {1} THEN class = {DIE} (p=8.0, n=0.0, P=29.0, N=110.0)
r13: IF ALBUMIN = (-inf, 2.65) = {1} THEN class = {DIE} (p=6.0, n=0.0, P=29.0, N=110.0)
r14: IF SPLEEN_PALPABLE = VARICES = MALAISE = {0} AND ALBUMIN = (-inf, 2.85) = {1} THEN class = {DIE} (p=10.0, n=0.0, P=29.0, N=110.0)
r15: IF BILIRUBIN = <2.45, 3) = {1} THEN class = {DIE} (p=4.0, n=0.0, P=29.0, N=110.0)
r16: IF AGE = <32.50, inf) = {1} AND ASCITES != {yes} = {1} THEN class = {DIE} (p=12.0, n=0.0, P=29.0, N=110.0)
r17: IF HISTOLOGY != ANTIVIRALS = {1} AND PROTIME = <26, 41) = {1} THEN class = {DIE} (p=9.0, n=0.0, P=29.0, N=110.0)
r18: IF AGE = <32.50, inf) = {1} AND 2-of-3(MALAISE = ANOREXIA, SPIDERS = LIVER_FIRM, SGOT = (-inf, 255.50)) = {0} THEN class = {DIE} (p=6.0, n=0.0, P=29.0, N=110.0)
r19: IF SGOT = (-inf, 255.50) = {1} AND BILIRUBIN = <1.85, 2.20) = {1} THEN class = {DIE} (p=3.0, n=0.0, P=29.0, N=110.0)
r20: IF ALK_PHOSPHATE = (-inf, 218.50) = {0} AND BILIRUBIN = <0.55, 1.40) = {0} AND SPLEEN_PALPABLE = SPIDERS = LIVER_FIRM = {0} THEN class = {DIE} (p=9.0, n=0.0, P=29.0, N=110.0)
r21: IF FATIGUE != ANTIVIRALS = {1} AND SEX != {male} = {0} AND AGE = <32.50, inf) = {1} AND BILIRUBIN = <2.95, 3.90) = {0} AND 2-of-3(ALK_PHOSPHATE = (-inf, 218.50), SPIDERS = ASCITES, SGOT = (-inf, 255.50)) = {1} THEN class = {DIE} (p=20.0, n=23.0, P=29.0, N=110.0)
