Rules qualities:
r1: 0.432421875
r2: 0.5333333333333333
r3: 0.5049607385398982
r4: 0.4358756497401039
r5: 0.3582355940846507
r6: 0.6718029350104824
r7: 0.41756756756756763
r8: 0.45432807269249165
r9: 0.4003706794972506
r10: 0.5434502465262214
r11: 0.379924578527063
r12: 0.5905867542070372
r13: 0.5494736842105263
r14: 0.6619385342789598
r15: 0.5425347222222222
r16: 0.5157186711870013
r17: 0.6400479529627219
________________________________
r1: IF wheel-base > engine-size = {1} AND peak-rpm = (-inf, 5750) = {0} THEN class = {0.079} [0.067,0.091] (p=3.0, n=1.0, P=15.0, N=128.0)
r2: IF wheel-base > engine-size = {0} AND width < horsepower = {1} AND wheel-base = <96.95, inf) = {0} AND engine-size = <103, 120) = {0} AND curb-weight != <2314, 2365) = {1} AND stroke != <3.13, 3.52) = {0} AND 2-of-3(curb-weight != <1928, 1944), height = (-inf, 59.05), normalized-losses = (-inf, 212)) = {0} AND bore > stroke = {0} THEN class = {0.094} [0.067,0.12] (p=11.0, n=2.0, P=33.0, N=110.0)
r3: IF 2-of-3(curb-weight != <1882.50, 1900), height = (-inf, 59.05), normalized-losses = (-inf, 212)) = {0} AND wheel-base > engine-size = {1} AND width < horsepower = {1} AND normalized-losses > wheel-base = {1} AND peak-rpm = (-inf, 5750) = {1} THEN class = {0.045} [0.024,0.067] (p=11.0, n=5.0, P=19.0, N=124.0)
r4: IF wheel-base > engine-size = {0} AND normalized-losses > wheel-base = {0} AND wheel-base = <96.95, inf) = {0} AND bore > stroke = {1} THEN class = {0.11} [0.051,0.16] (p=7.0, n=1.0, P=61.0, N=82.0)
r5: IF 2-of-3(curb-weight != <1882.50, 1900), height = (-inf, 59.05), normalized-losses = (-inf, 212)) = {0} AND width = (-inf, 64.10) = {1} AND normalized-losses > wheel-base = {0} AND bore > stroke = {1} THEN class = {0.07} [0.039,0.10] (p=3.0, n=1.0, P=37.0, N=106.0)
r6: IF wheel-base = <96.95, inf) = {0} THEN class = {0.087} [-0.021,0.19] (p=66.0, n=6.0, P=90.0, N=53.0)
r7: IF wheel-base > engine-size = {0} AND wheel-base > horsepower = {1} AND normalized-losses > engine-size = {1} AND stroke != <3.13, 3.52) = {1} THEN class = {0.38} [0.26,0.51] (p=4.0, n=1.0, P=32.0, N=111.0)
r8: IF wheel-base > engine-size = {1} AND stroke != <3.13, 3.52) = {0} AND peak-rpm = (-inf, 5750) = {1} AND normalized-losses < length = {1} AND compression-ratio = (-inf, 9.20) = {0} THEN class = {0.057} [0.015,0.098] (p=9.0, n=2.0, P=41.0, N=102.0)
r9: IF curb-weight != <2375, 2536) = {1} AND wheel-base = <96.95, inf) = {1} AND engine-size = <103, 120) = {1} THEN class = {0.12} [0.046,0.20] (p=7.0, n=1.0, P=76.0, N=67.0)
r10: IF normalized-losses > wheel-base = {1} AND normalized-losses > horsepower = {0} THEN class = {0.38} [0.18,0.58] (p=11.0, n=1.0, P=46.0, N=97.0)
r11: IF bore = <3.25, inf) = {1} AND wheel-base > horsepower = {1} AND normalized-losses > engine-size = {1} AND bore < stroke = {0} THEN class = {0.38} [0.27,0.50] (p=5.0, n=2.0, P=28.0, N=115.0)
r12: IF engine-size > horsepower = {1} AND curb-weight != <2600.50, 3750) = {0} AND normalized-losses < length = {1} THEN class = {0.39} [0.23,0.54] (p=25.0, n=7.0, P=37.0, N=106.0)
r13: IF horsepower = <118.50, 152) = {1} AND bore > stroke = {0} THEN class = {0.75} [0.54,0.96] (p=4.0, n=1.0, P=10.0, N=133.0)
r14: IF engine-size > horsepower = {0} AND normalized-losses > wheel-base = {0} AND stroke != <3.13, 3.52) = {0} THEN class = {0.51} [0.50,0.52] (p=2.0, n=1.0, P=2.0, N=141.0)
r15: IF engine-size > horsepower = {1} AND horsepower = <118.50, 152) = {0} AND wheel-base > horsepower = {0} AND normalized-losses > engine-size = {1} AND stroke != <3.13, 3.52) = {0} THEN class = {0.45} [0.40,0.51] (p=5.0, n=1.0, P=15.0, N=128.0)
r16: IF normalized-losses > engine-size = {0} AND normalized-losses > horsepower = {1} THEN class = {0.12} [0.047,0.20] (p=33.0, n=5.0, P=76.0, N=67.0)
r17: IF wheel-base > horsepower = {1} THEN class = {0.097} [-0.0095,0.20] (p=77.0, n=10.0, P=90.0, N=53.0)
